34 0 0 78 1
1 1 2
1 1 3
1 1 4
1 1 5
1 1 6
1 1 7
1 1 8
1 1 9
1 1 11
1 1 12
1 1 13
1 1 14
1 1 16
1 1 17
1 1 18
1 1 27
2 1 3
2 1 4
2 1 8
2 1 14
2 1 16
2 1 17
2 1 18
2 1 26
3 1 4
3 1 8
3 1 9
3 1 10
3 1 14
3 1 22
3 1 23
3 1 28
4 1 8
4 1 13
4 1 14
5 1 7
5 1 11
6 1 7
6 1 11
6 1 15
7 1 15
9 1 26
9 1 28
9 1 34
10 1 34
14 1 34
17 1 34
19 1 20
19 1 22
19 1 24
19 1 28
19 1 34
20 1 27
21 1 20
21 1 22
21 1 27
22 1 34
23 1 27
23 1 34
24 1 28
24 1 34
25 1 24
25 1 34
26 1 28
26 1 34
27 1 28
27 1 34
28 1 34
29 1 28
29 1 34
30 1 28
30 1 34
31 1 28
31 1 34
32 1 28
32 1 34
33 1 28
33 1 34
